(35, 266, 404, 677, 1009, 1186)
(35, 264, 400, 671, 1000, 1176)
(34, 261, 396, 664, 989, 1163)
(34, 259, 393, 658, 980, 1153)
(34, 256, 389, 652, 972, 1143)
(34, 254, 385, 646, 963, 1133)
(33, 251, 381, 639, 952, 1120)
(33, 249, 378, 633, 944, 1110)
(32, 246, 374, 626, 933, 1097)
(32, 241, 367, 614, 916, 1077)
(31, 232, 352, 589, 879, 1034)
(28, 212, 322, 539, 803, 945)

1199 1186 1176 1163 1153 1143 1133 1120 1110 1097 1077 1044 1034 1021 1011 988 945
1179 1143 1139 1108 1097 1086 1077 1055 1046 1024 1006 1002 975 953 922

882 765 (593) 571 535 515 (497) 495 (463) 456 445 436 (425) 420 400 (383) 381 (356) (347) 341 (338) 327 (321) (319) 305 (300) 285 (284) 266 254
882 765 571 535 515 495 456 445 436 420 400 381 341 327 305 285 266 254
117 194 36 29 29 39 11 9 16 20 19 40 14 22 20 19 12

rdef: 605 587 577 572 559 553 549 538 525 520 515 510 505 492 482 449 439 360
18 10 5 13 6 4 11 13 5 5 5 5 13 10 33 10 79
mdef: 714 686 625 605 592 582 577 572 559 553 549 538 533 525 520 515 505 492 472 439 360
def: 714 686 625 605 592 587 582 577 572 559 553 549 538 533 525 520 515 510 505 492 482 472 449 439 360


                                                714
    686                                 625             605
592 587 582 577 572 559 553 549 538 533 525 520 515 510 505
492     482     472         449 439
                    360

10230 8579 8249 7588 7390 7258 7192 7125 (7031) 6993 6927 6864 (6783) 6732 6666 6600 (6475) 6468 6336 6270 6204 (6167) 6138 6072 (6043) 6005 (5981) 5939 (5919) 5873 (5857) (5611) 5609 5542

10230 8579 8249 7588 7390 7258 7192 7125 6993 6927 6864 6732 6666 6600 6468 6336 6270 6204 6138 6072 6005 5939 5873 5609 5542

155 130 125 115 112 110 109 108 106 105 104 102 101 100 98 96 95 94 93 92 91 90 89 85 84

36 269 408 683 1019 1199
35 266 404 677 1009 1186
35 264 400 671 1000 1176
34 261 396 664  989 1163
34 259 393 658  980 1153
34 256 389 652  972 1143
34 254 385 646  963 1133
33 251 381 639  952 1120
33 249 378 633  944 1110
32 246 374 626  933 1097
32 241 367 614  916 1077
31 232 352 589  879 1034
28 212 322 539  803  945

[1199] 36 269 408 647 947 1091
[1188] 35 266 404 642 939 1081
[1177] 35 264 400 636 930 1071
[1166] 34 261 396 630 921 1061
[1155] 34 259 393 624 912 1051
[1144] 34 256 389 618 904 1041
[1133] 34 254 385 612 895 1031
[1122] 33 251 381 606 886 1021
[1111] 33 249 378 600 878 1011
[1100] 32 246 374 594 869 1001
[1078] 32 241 367 582 852  981
[1034] 31 232 352 558 817  941
 [946] 28 212 322 511 747  861
